-------------madrid01.dat Memetic-ox2-500-23436383-------------

Best cost: 2676
5 12 19 6 8 0 9 7 11 10 16 4 14 13 15 2 17 18 1 3 
Execution time: 0.153672
-------------madrid02.dat Memetic-ox2-500-23436383-------------

Best cost: 2528
14 16 0 10 11 5 4 3 17 7 2 9 12 1 13 19 18 6 15 8 20 
Execution time: 0.211684
-------------madrid03.dat Memetic-ox2-500-23436383-------------

Best cost: 3662
4 12 5 11 15 2 21 10 13 3 14 1 20 8 9 6 0 17 7 18 19 16 
Execution time: 0.199263
-------------madrid04.dat Memetic-ox2-500-23436383-------------

Best cost: 3898
12 20 10 0 14 22 9 8 18 21 13 6 5 7 19 3 16 24 15 1 11 23 2 17 4 
Execution time: 0.241539
-------------malaga01.dat Memetic-ox2-500-23436383-------------

Best cost: 3754
14 16 11 0 4 8 9 13 3 15 19 5 2 6 18 10 12 7 1 17 
Execution time: 0.312729
-------------malaga02.dat Memetic-ox2-500-23436383-------------

Best cost: 28959
0 1 2 3 4 5 6 7 8 9 10 11 13 18 14 15 16 17 12 19 
Execution time: 0.224128
-------------malaga03.dat Memetic-ox2-500-23436383-------------

Best cost: 13455
8 17 21 11 16 14 3 13 25 5 7 2 19 9 12 22 10 4 24 20 6 28 29 23 27 26 18 0 15 1 
Execution time: 0.306950
-------------malaga04.dat Memetic-ox2-500-23436383-------------

Best cost: 178200
21 2 4 3 28 1 5 9 6 17 23 11 12 13 14 16 20 10 18 19 0 22 8 15 24 25 7 27 26 29 
Execution time: 0.306102
-------------madrid01.dat Memetic-ox2-500-53597523-------------

Best cost: 2676
17 13 15 2 8 18 1 9 4 5 14 11 7 0 12 3 19 10 6 16 
Execution time: 0.181432
-------------madrid02.dat Memetic-ox2-500-53597523-------------

Best cost: 2530
4 20 17 18 2 13 19 1 12 0 6 7 15 3 11 5 8 9 10 16 14 
Execution time: 0.200541
-------------madrid03.dat Memetic-ox2-500-53597523-------------

Best cost: 3680
4 5 12 11 15 0 21 17 16 14 13 1 20 8 9 6 2 18 10 7 19 3 
Execution time: 0.202646
-------------madrid04.dat Memetic-ox2-500-53597523-------------

Best cost: 3914
4 11 22 21 14 1 16 3 9 19 10 24 7 8 18 2 15 5 6 0 17 23 13 20 12 
Execution time: 0.194165
-------------malaga01.dat Memetic-ox2-500-53597523-------------

Best cost: 3744
18 16 3 0 4 8 9 11 6 13 10 5 2 15 1 12 19 7 14 17 
Execution time: 0.239777
-------------malaga02.dat Memetic-ox2-500-53597523-------------

Best cost: 30074
9 1 2 5 4 15 6 7 8 0 10 11 12 13 14 3 16 17 18 19 
Execution time: 0.315454
-------------malaga03.dat Memetic-ox2-500-53597523-------------

Best cost: 13464
18 6 9 5 12 29 10 2 1 20 24 28 27 23 13 3 25 21 11 22 4 0 14 15 26 8 19 17 7 16 
Execution time: 0.403310
-------------malaga04.dat Memetic-ox2-500-53597523-------------

Best cost: 178861
12 25 2 27 4 5 9 26 6 8 22 7 10 1 18 15 16 17 11 13 0 21 20 23 24 19 3 14 28 29 
Execution time: 0.325009
-------------madrid01.dat Memetic-ox2-500-53916131-------------

Best cost: 2664
2 0 7 11 8 5 6 19 14 12 17 9 10 1 13 16 4 3 18 15 
Execution time: 0.164118
-------------madrid02.dat Memetic-ox2-500-53916131-------------

Best cost: 2524
16 9 8 17 12 20 1 18 0 6 15 5 2 4 14 7 10 3 11 13 19 
Execution time: 0.189360
-------------madrid03.dat Memetic-ox2-500-53916131-------------

Best cost: 3688
1 11 5 9 15 0 21 7 16 14 19 4 20 12 8 2 6 17 18 10 3 13 
Execution time: 0.194492
-------------madrid04.dat Memetic-ox2-500-53916131-------------

Best cost: 3872
12 3 0 9 14 11 6 15 18 19 16 22 5 8 21 23 13 20 24 7 17 2 10 1 4 
Execution time: 0.148470
-------------malaga01.dat Memetic-ox2-500-53916131-------------

Best cost: 3776
12 16 11 19 4 8 9 3 1 14 18 5 2 10 0 15 13 7 6 17 
Execution time: 0.280849
-------------malaga02.dat Memetic-ox2-500-53916131-------------

Best cost: 29423
0 1 2 3 4 5 6 7 13 9 10 15 12 8 14 17 16 11 18 19 
Execution time: 0.278345
-------------malaga03.dat Memetic-ox2-500-53916131-------------

Best cost: 13458
13 25 1 17 28 4 2 10 9 27 22 0 7 5 19 26 15 16 11 18 23 14 8 29 12 6 21 24 3 20 
Execution time: 0.372514
-------------malaga04.dat Memetic-ox2-500-53916131-------------

Best cost: 173374
20 28 1 3 12 6 9 7 8 2 10 11 19 13 14 15 16 17 18 5 4 21 22 0 24 25 26 27 23 29 
Execution time: 0.439477
-------------madrid01.dat Memetic-ox2-500-53911043-------------

Best cost: 2644
16 15 7 0 12 3 10 19 6 4 1 18 14 11 5 17 13 2 9 8 
Execution time: 0.177345
-------------madrid02.dat Memetic-ox2-500-53911043-------------

Best cost: 2514
4 5 11 10 17 14 13 1 12 6 15 0 16 3 20 8 9 2 18 7 19 
Execution time: 0.217731
-------------madrid03.dat Memetic-ox2-500-53911043-------------

Best cost: 3666
1 12 20 9 6 2 0 7 18 16 19 4 5 11 8 15 21 17 10 3 14 13 
Execution time: 0.181893
-------------madrid04.dat Memetic-ox2-500-53911043-------------

Best cost: 3910
14 21 12 19 4 0 9 18 22 1 6 5 8 7 2 15 20 24 17 10 23 13 16 11 3 
Execution time: 0.227958
-------------malaga01.dat Memetic-ox2-500-53911043-------------

Best cost: 3730
1 16 6 0 4 8 9 3 11 13 19 5 2 18 10 14 12 7 15 17 
Execution time: 0.271732
-------------malaga02.dat Memetic-ox2-500-53911043-------------

Best cost: 29906
0 1 2 3 4 5 6 13 8 9 12 11 7 10 18 15 16 17 14 19 
Execution time: 0.234595
-------------malaga03.dat Memetic-ox2-500-53911043-------------

Best cost: 13459
18 13 15 12 29 17 7 10 27 9 4 5 19 26 16 3 6 21 28 22 25 20 14 23 2 8 24 0 11 1 
Execution time: 0.282346
-------------malaga04.dat Memetic-ox2-500-53911043-------------

Best cost: 163022
0 1 2 3 4 5 6 7 8 9 10 11 17 13 14 15 16 19 28 12 20 21 22 23 24 25 26 27 18 29 
Execution time: 0.327463
-------------madrid01.dat Memetic-ox2-500-70911512-------------

Best cost: 2648
17 13 9 2 8 18 14 1 4 5 16 11 19 6 12 3 7 10 0 15 
Execution time: 0.175825
-------------madrid02.dat Memetic-ox2-500-70911512-------------

Best cost: 2520
16 11 0 6 18 7 10 14 5 17 15 9 13 19 4 1 12 20 8 2 3 
Execution time: 0.214625
-------------madrid03.dat Memetic-ox2-500-70911512-------------

Best cost: 3658
1 12 5 11 15 0 21 17 19 13 14 4 20 8 9 6 2 18 10 7 16 3 
Execution time: 0.205605
-------------madrid04.dat Memetic-ox2-500-70911512-------------

Best cost: 3868
14 19 3 11 4 21 9 24 16 1 8 18 7 22 2 0 6 5 13 17 12 15 20 10 23 
Execution time: 0.243789
-------------malaga01.dat Memetic-ox2-500-70911512-------------

Best cost: 3743
18 16 6 0 4 8 9 11 3 19 1 5 2 13 10 14 7 12 15 17 
Execution time: 0.266398
-------------malaga02.dat Memetic-ox2-500-70911512-------------

Best cost: 29099
0 1 2 3 4 5 6 7 8 9 10 11 12 13 18 15 19 17 14 16 
Execution time: 0.290722
-------------malaga03.dat Memetic-ox2-500-70911512-------------

Best cost: 13445
9 8 23 15 12 17 4 27 21 20 16 5 2 3 14 11 0 25 10 6 13 29 26 28 18 19 24 7 22 1 
Execution time: 0.396251
-------------malaga04.dat Memetic-ox2-500-70911512-------------

Best cost: 177817
12 2 4 3 1 5 29 7 8 0 10 11 14 13 19 15 28 17 18 9 20 21 26 23 22 25 16 27 24 6 
Execution time: 0.324157

